999
1.000000	0.002205	0.000000
1.000000	0.002207	0.000000
0.999970	0.002215	0.000000
0.999921	0.002227	0.000000
0.999851	0.002244	0.000000
0.999762	0.002266	0.000000
0.999653	0.002293	0.000000
0.999524	0.002324	0.000000
0.999376	0.002361	0.000000
0.999207	0.002402	0.000000
0.999019	0.002448	0.000000
0.998811	0.002499	0.000000
0.998584	0.002555	0.000000
0.998336	0.002616	0.000000
0.998069	0.002681	0.000000
0.997782	0.002751	0.000000
0.997475	0.002826	0.000000
0.997149	0.002906	0.000000
0.996803	0.002991	0.000000
0.996437	0.003080	0.000000
0.996051	0.003175	0.000000
0.995646	0.003274	0.000000
0.995221	0.003377	0.000000
0.994777	0.003486	0.000000
0.994313	0.003599	0.000000
0.993829	0.003717	0.000000
0.993326	0.003839	0.000000
0.992803	0.003967	0.000000
0.992261	0.004099	0.000000
0.991699	0.004235	0.000000
0.991118	0.004376	0.000000
0.990517	0.004522	0.000000
0.989897	0.004673	0.000000
0.989257	0.004828	0.000000
0.988598	0.004987	0.000000
0.987920	0.005152	0.000000
0.987222	0.005320	0.000000
0.986505	0.005493	0.000000
0.985769	0.005671	0.000000
0.985013	0.005853	0.000000
0.984239	0.006040	0.000000
0.983445	0.006231	0.000000
0.982632	0.006427	0.000000
0.981799	0.006627	0.000000
0.980948	0.006831	0.000000
0.980077	0.007040	0.000000
0.979188	0.007253	0.000000
0.978280	0.007470	0.000000
0.977352	0.007692	0.000000
0.976406	0.007917	0.000000
0.975441	0.008148	0.000000
0.974456	0.008382	0.000000
0.973454	0.008620	0.000000
0.972432	0.008863	0.000000
0.971392	0.009110	0.000000
0.970333	0.009361	0.000000
0.969255	0.009616	0.000000
0.968159	0.009875	0.000000
0.967044	0.010138	0.000000
0.965910	0.010405	0.000000
0.964759	0.010676	0.000000
0.963588	0.010951	0.000000
0.962400	0.011230	0.000000
0.961193	0.011513	0.000000
0.959968	0.011800	0.000000
0.958724	0.012090	0.000000
0.957462	0.012385	0.000000
0.956183	0.012683	0.000000
0.954885	0.012985	0.000000
0.953569	0.013290	0.000000
0.952235	0.013600	0.000000
0.950883	0.013913	0.000000
0.949514	0.014229	0.000000
0.948126	0.014549	0.000000
0.946721	0.014873	0.000000
0.945298	0.015200	0.000000
0.943857	0.015531	0.000000
0.942399	0.015865	0.000000
0.940924	0.016203	0.000000
0.939430	0.016544	0.000000
0.937920	0.016889	0.000000
0.936392	0.017236	0.000000
0.934847	0.017587	0.000000
0.933284	0.017942	0.000000
0.931704	0.018299	0.000000
0.930108	0.018660	0.000000
0.928494	0.019024	0.000000
0.926863	0.019391	0.000000
0.925215	0.019761	0.000000
0.923551	0.020134	0.000000
0.921869	0.020510	0.000000
0.920171	0.020890	0.000000
0.918456	0.021272	0.000000
0.916725	0.021657	0.000000
0.914977	0.022045	0.000000
0.913213	0.022436	0.000000
0.911432	0.022829	0.000000
0.909635	0.023226	0.000000
0.907822	0.023625	0.000000
0.905993	0.024027	0.000000
0.904147	0.024431	0.000000
0.902286	0.024838	0.000000
0.900408	0.025248	0.000000
0.898515	0.025660	0.000000
0.896606	0.026075	0.000000
0.894681	0.026492	0.000000
0.892740	0.026912	0.000000
0.890784	0.027334	0.000000
0.888813	0.027759	0.000000
0.886826	0.028186	0.000000
0.884824	0.028615	0.000000
0.882806	0.029046	0.000000
0.880773	0.029480	0.000000
0.878726	0.029916	0.000000
0.876663	0.030354	0.000000
0.874585	0.030794	0.000000
0.872492	0.031236	0.000000
0.870385	0.031680	0.000000
0.868263	0.032126	0.000000
0.866126	0.032575	0.000000
0.863975	0.033025	0.000000
0.861810	0.033477	0.000000
0.859630	0.033931	0.000000
0.857436	0.034386	0.000000
0.855227	0.034844	0.000000
0.853005	0.035303	0.000000
0.850769	0.035763	0.000000
0.848518	0.036226	0.000000
0.846254	0.036690	0.000000
0.843976	0.037156	0.000000
0.841685	0.037623	0.000000
0.839380	0.038092	0.000000
0.837061	0.038562	0.000000
0.834730	0.039033	0.000000
0.832384	0.039506	0.000000
0.830026	0.039981	0.000000
0.827655	0.040456	0.000000
0.825270	0.040933	0.000000
0.822873	0.041412	0.000000
0.820463	0.041891	0.000000
0.818040	0.042371	0.000000
0.815605	0.042853	0.000000
0.813157	0.043336	0.000000
0.810697	0.043819	0.000000
0.808224	0.044304	0.000000
0.805740	0.044790	0.000000
0.803243	0.045276	0.000000
0.800734	0.045764	0.000000
0.798213	0.046252	0.000000
0.795680	0.046741	0.000000
0.793136	0.047231	0.000000
0.790580	0.047722	0.000000
0.788012	0.048213	0.000000
0.785433	0.048705	0.000000
0.782843	0.049197	0.000000
0.780242	0.049690	0.000000
0.777629	0.050184	0.000000
0.775006	0.050678	0.000000
0.772371	0.051173	0.000000
0.769726	0.051668	0.000000
0.767070	0.052163	0.000000
0.764403	0.052658	0.000000
0.761726	0.053154	0.000000
0.759039	0.053650	0.000000
0.756341	0.054147	0.000000
0.753633	0.054643	0.000000
0.750916	0.055140	0.000000
0.748188	0.055636	0.000000
0.745450	0.056133	0.000000
0.742703	0.056630	0.000000
0.739946	0.057127	0.000000
0.737179	0.057623	0.000000
0.734403	0.058120	0.000000
0.731618	0.058616	0.000000
0.728824	0.059112	0.000000
0.726020	0.059608	0.000000
0.723208	0.060103	0.000000
0.720387	0.060598	0.000000
0.717557	0.061093	0.000000
0.714718	0.061588	0.000000
0.711871	0.062081	0.000000
0.709015	0.062575	0.000000
0.706151	0.063068	0.000000
0.703279	0.063560	0.000000
0.700399	0.064052	0.000000
0.697511	0.064542	0.000000
0.694616	0.065033	0.000000
0.691712	0.065522	0.000000
0.688801	0.066011	0.000000
0.685882	0.066499	0.000000
0.682956	0.066985	0.000000
0.680023	0.067471	0.000000
0.677083	0.067956	0.000000
0.674135	0.068440	0.000000
0.671181	0.068923	0.000000
0.668220	0.069405	0.000000
0.665252	0.069886	0.000000
0.662278	0.070365	0.000000
0.659297	0.070843	0.000000
0.656310	0.071320	0.000000
0.653317	0.071796	0.000000
0.650318	0.072270	0.000000
0.647312	0.072742	0.000000
0.644301	0.073214	0.000000
0.641284	0.073683	0.000000
0.638262	0.074151	0.000000
0.635234	0.074618	0.000000
0.632201	0.075083	0.000000
0.629162	0.075546	0.000000
0.626119	0.076007	0.000000
0.623070	0.076467	0.000000
0.620017	0.076925	0.000000
0.616958	0.077380	0.000000
0.613895	0.077834	0.000000
0.610828	0.078286	0.000000
0.607756	0.078736	0.000000
0.604680	0.079184	0.000000
0.601600	0.079629	0.000000
0.598516	0.080073	0.000000
0.595428	0.080514	0.000000
0.592336	0.080953	0.000000
0.589240	0.081390	0.000000
0.586141	0.081824	0.000000
0.583038	0.082256	0.000000
0.579933	0.082685	0.000000
0.576824	0.083112	0.000000
0.573711	0.083536	0.000000
0.570597	0.083958	0.000000
0.567479	0.084377	0.000000
0.564358	0.084793	0.000000
0.561235	0.085207	0.000000
0.558110	0.085617	0.000000
0.554982	0.086025	0.000000
0.551852	0.086430	0.000000
0.548720	0.086832	0.000000
0.545586	0.087231	0.000000
0.542451	0.087627	0.000000
0.539313	0.088020	0.000000
0.536174	0.088409	0.000000
0.533034	0.088795	0.000000
0.529892	0.089179	0.000000
0.526750	0.089558	0.000000
0.523606	0.089935	0.000000
0.520461	0.090308	0.000000
0.517315	0.090677	0.000000
0.514169	0.091043	0.000000
0.511022	0.091406	0.000000
0.507874	0.091765	0.000000
0.504727	0.092120	0.000000
0.501579	0.092471	0.000000
0.498431	0.092819	0.000000
0.495283	0.093163	0.000000
0.492135	0.093503	0.000000
0.488988	0.093839	0.000000
0.485841	0.094171	0.000000
0.482695	0.094499	0.000000
0.479549	0.094823	0.000000
0.476404	0.095143	0.000000
0.473260	0.095458	0.000000
0.470118	0.095770	0.000000
0.466976	0.096077	0.000000
0.463835	0.096380	0.000000
0.460697	0.096678	0.000000
0.457559	0.096973	0.000000
0.454423	0.097262	0.000000
0.451290	0.097547	0.000000
0.448158	0.097828	0.000000
0.445028	0.098104	0.000000
0.441900	0.098375	0.000000
0.438775	0.098641	0.000000
0.435652	0.098903	0.000000
0.432531	0.099160	0.000000
0.429413	0.099412	0.000000
0.426298	0.099660	0.000000
0.423186	0.099902	0.000000
0.420077	0.100139	0.000000
0.416972	0.100371	0.000000
0.413869	0.100598	0.000000
0.410770	0.100820	0.000000
0.407674	0.101037	0.000000
0.404582	0.101249	0.000000
0.401494	0.101455	0.000000
0.398410	0.101656	0.000000
0.395330	0.101851	0.000000
0.392254	0.102042	0.000000
0.389182	0.102226	0.000000
0.386114	0.102406	0.000000
0.383052	0.102579	0.000000
0.379993	0.102747	0.000000
0.376940	0.102910	0.000000
0.373891	0.103067	0.000000
0.370848	0.103218	0.000000
0.367809	0.103363	0.000000
0.364776	0.103503	0.000000
0.361748	0.103636	0.000000
0.358725	0.103764	0.000000
0.355709	0.103886	0.000000
0.352698	0.104002	0.000000
0.349692	0.104112	0.000000
0.346693	0.104216	0.000000
0.343700	0.104314	0.000000
0.340713	0.104406	0.000000
0.337732	0.104491	0.000000
0.334758	0.104571	0.000000
0.331790	0.104644	0.000000
0.328829	0.104711	0.000000
0.325875	0.104772	0.000000
0.322927	0.104826	0.000000
0.319987	0.104874	0.000000
0.317054	0.104916	0.000000
0.314128	0.104951	0.000000
0.311209	0.104980	0.000000
0.308298	0.105002	0.000000
0.305394	0.105018	0.000000
0.302499	0.105027	0.000000
0.299611	0.105030	0.000000
0.296730	0.105026	0.000000
0.293858	0.105016	0.000000
0.290995	0.104999	0.000000
0.288139	0.104975	0.000000
0.285292	0.104945	0.000000
0.282453	0.104908	0.000000
0.279623	0.104864	0.000000
0.276802	0.104813	0.000000
0.273990	0.104756	0.000000
0.271186	0.104692	0.000000
0.268392	0.104621	0.000000
0.265607	0.104543	0.000000
0.262831	0.104458	0.000000
0.260064	0.104367	0.000000
0.257307	0.104268	0.000000
0.254560	0.104163	0.000000
0.251822	0.104050	0.000000
0.249094	0.103931	0.000000
0.246376	0.103805	0.000000
0.243669	0.103672	0.000000
0.240971	0.103532	0.000000
0.238284	0.103385	0.000000
0.235607	0.103230	0.000000
0.232940	0.103069	0.000000
0.230284	0.102901	0.000000
0.227639	0.102726	0.000000
0.225004	0.102544	0.000000
0.222381	0.102354	0.000000
0.219768	0.102158	0.000000
0.217167	0.101955	0.000000
0.214576	0.101744	0.000000
0.211997	0.101527	0.000000
0.209430	0.101302	0.000000
0.206874	0.101071	0.000000
0.204330	0.100832	0.000000
0.201797	0.100586	0.000000
0.199276	0.100333	0.000000
0.196767	0.100073	0.000000
0.194270	0.099807	0.000000
0.191785	0.099533	0.000000
0.189313	0.099252	0.000000
0.186853	0.098963	0.000000
0.184405	0.098668	0.000000
0.181969	0.098366	0.000000
0.179547	0.098057	0.000000
0.177137	0.097741	0.000000
0.174739	0.097418	0.000000
0.172355	0.097088	0.000000
0.169984	0.096750	0.000000
0.167626	0.096406	0.000000
0.165280	0.096055	0.000000
0.162949	0.095697	0.000000
0.160630	0.095332	0.000000
0.158325	0.094961	0.000000
0.156034	0.094582	0.000000
0.153756	0.094196	0.000000
0.151492	0.093804	0.000000
0.149241	0.093404	0.000000
0.147005	0.092998	0.000000
0.144783	0.092585	0.000000
0.142574	0.092166	0.000000
0.140380	0.091739	0.000000
0.138200	0.091306	0.000000
0.136035	0.090866	0.000000
0.133883	0.090419	0.000000
0.131747	0.089966	0.000000
0.129625	0.089506	0.000000
0.127517	0.089040	0.000000
0.125425	0.088567	0.000000
0.123347	0.088087	0.000000
0.121284	0.087601	0.000000
0.119237	0.087108	0.000000
0.117204	0.086609	0.000000
0.115186	0.086103	0.000000
0.113184	0.085591	0.000000
0.111197	0.085073	0.000000
0.109226	0.084548	0.000000
0.107270	0.084017	0.000000
0.105329	0.083480	0.000000
0.103404	0.082936	0.000000
0.101495	0.082386	0.000000
0.099602	0.081830	0.000000
0.097724	0.081268	0.000000
0.095863	0.080700	0.000000
0.094017	0.080126	0.000000
0.092188	0.079545	0.000000
0.090375	0.078959	0.000000
0.088578	0.078367	0.000000
0.086797	0.077769	0.000000
0.085033	0.077164	0.000000
0.083285	0.076555	0.000000
0.081554	0.075939	0.000000
0.079839	0.075317	0.000000
0.078141	0.074690	0.000000
0.076459	0.074057	0.000000
0.074795	0.073419	0.000000
0.073147	0.072774	0.000000
0.071516	0.072125	0.000000
0.069902	0.071470	0.000000
0.068306	0.070809	0.000000
0.066726	0.070143	0.000000
0.065163	0.069471	0.000000
0.063618	0.068794	0.000000
0.062090	0.068112	0.000000
0.060580	0.067425	0.000000
0.059086	0.066732	0.000000
0.057611	0.066034	0.000000
0.056152	0.065331	0.000000
0.054712	0.064623	0.000000
0.053289	0.063910	0.000000
0.051884	0.063192	0.000000
0.050496	0.062469	0.000000
0.049127	0.061741	0.000000
0.047775	0.061008	0.000000
0.046441	0.060270	0.000000
0.045125	0.059528	0.000000
0.043827	0.058781	0.000000
0.042547	0.058029	0.000000
0.041286	0.057272	0.000000
0.040042	0.056511	0.000000
0.038817	0.055745	0.000000
0.037610	0.054975	0.000000
0.036422	0.054200	0.000000
0.035251	0.053421	0.000000
0.034099	0.052638	0.000000
0.032966	0.051850	0.000000
0.031851	0.051058	0.000000
0.030755	0.050261	0.000000
0.029677	0.049461	0.000000
0.028618	0.048656	0.000000
0.027578	0.047847	0.000000
0.026556	0.047034	0.000000
0.025553	0.046217	0.000000
0.024569	0.045396	0.000000
0.023604	0.044571	0.000000
0.022658	0.043742	0.000000
0.021730	0.042909	0.000000
0.020822	0.042072	0.000000
0.019932	0.041231	0.000000
0.019062	0.040387	0.000000
0.018211	0.039539	0.000000
0.017378	0.038687	0.000000
0.016565	0.037832	0.000000
0.015771	0.036973	0.000000
0.014996	0.036110	0.000000
0.014241	0.035244	0.000000
0.013505	0.034374	0.000000
0.012788	0.033501	0.000000
0.012090	0.032624	0.000000
0.011411	0.031744	0.000000
0.010752	0.030861	0.000000
0.010113	0.029974	0.000000
0.009493	0.029084	0.000000
0.008892	0.028191	0.000000
0.008311	0.027294	0.000000
0.007749	0.026395	0.000000
0.007207	0.025492	0.000000
0.006684	0.024586	0.000000
0.006181	0.023676	0.000000
0.005697	0.022764	0.000000
0.005233	0.021849	0.000000
0.004788	0.020930	0.000000
0.004364	0.020009	0.000000
0.003958	0.019084	0.000000
0.003573	0.018157	0.000000
0.003207	0.017227	0.000000
0.002861	0.016293	0.000000
0.002535	0.015357	0.000000
0.002228	0.014418	0.000000
0.001941	0.013476	0.000000
0.001674	0.012531	0.000000
0.001426	0.011584	0.000000
0.001199	0.010633	0.000000
0.000991	0.009680	0.000000
0.000802	0.008724	0.000000
0.000634	0.007766	0.000000
0.000485	0.006804	0.000000
0.000357	0.005840	0.000000
0.000248	0.004874	0.000000
0.000159	0.003904	0.000000
0.000089	0.002932	0.000000
0.000040	0.001957	0.000000
0.000010	0.000980	0.000000
0.000000	0.000000	0.000000
0.000010	-0.000980	0.000000
0.000040	-0.001957	0.000000
0.000089	-0.002932	0.000000
0.000159	-0.003904	0.000000
0.000248	-0.004874	0.000000
0.000357	-0.005840	0.000000
0.000485	-0.006804	0.000000
0.000634	-0.007766	0.000000
0.000802	-0.008724	0.000000
0.000991	-0.009680	0.000000
0.001199	-0.010633	0.000000
0.001426	-0.011584	0.000000
0.001674	-0.012531	0.000000
0.001941	-0.013476	0.000000
0.002228	-0.014418	0.000000
0.002535	-0.015357	0.000000
0.002861	-0.016293	0.000000
0.003207	-0.017227	0.000000
0.003573	-0.018157	0.000000
0.003958	-0.019084	0.000000
0.004364	-0.020009	0.000000
0.004788	-0.020930	0.000000
0.005233	-0.021849	0.000000
0.005697	-0.022764	0.000000
0.006181	-0.023676	0.000000
0.006684	-0.024586	0.000000
0.007207	-0.025492	0.000000
0.007749	-0.026395	0.000000
0.008311	-0.027294	0.000000
0.008892	-0.028191	0.000000
0.009493	-0.029084	0.000000
0.010113	-0.029974	0.000000
0.010752	-0.030861	0.000000
0.011411	-0.031744	0.000000
0.012090	-0.032624	0.000000
0.012788	-0.033501	0.000000
0.013505	-0.034374	0.000000
0.014241	-0.035244	0.000000
0.014996	-0.036110	0.000000
0.015771	-0.036973	0.000000
0.016565	-0.037832	0.000000
0.017378	-0.038687	0.000000
0.018211	-0.039539	0.000000
0.019062	-0.040387	0.000000
0.019932	-0.041231	0.000000
0.020822	-0.042072	0.000000
0.021730	-0.042909	0.000000
0.022658	-0.043742	0.000000
0.023604	-0.044571	0.000000
0.024569	-0.045396	0.000000
0.025553	-0.046217	0.000000
0.026556	-0.047034	0.000000
0.027578	-0.047847	0.000000
0.028618	-0.048656	0.000000
0.029677	-0.049461	0.000000
0.030755	-0.050261	0.000000
0.031851	-0.051058	0.000000
0.032966	-0.051850	0.000000
0.034099	-0.052638	0.000000
0.035251	-0.053421	0.000000
0.036422	-0.054200	0.000000
0.037610	-0.054975	0.000000
0.038817	-0.055745	0.000000
0.040042	-0.056511	0.000000
0.041286	-0.057272	0.000000
0.042547	-0.058029	0.000000
0.043827	-0.058781	0.000000
0.045125	-0.059528	0.000000
0.046441	-0.060270	0.000000
0.047775	-0.061008	0.000000
0.049127	-0.061741	0.000000
0.050496	-0.062469	0.000000
0.051884	-0.063192	0.000000
0.053289	-0.063910	0.000000
0.054712	-0.064623	0.000000
0.056152	-0.065331	0.000000
0.057611	-0.066034	0.000000
0.059086	-0.066732	0.000000
0.060580	-0.067425	0.000000
0.062090	-0.068112	0.000000
0.063618	-0.068794	0.000000
0.065163	-0.069471	0.000000
0.066726	-0.070143	0.000000
0.068306	-0.070809	0.000000
0.069902	-0.071470	0.000000
0.071516	-0.072125	0.000000
0.073147	-0.072774	0.000000
0.074795	-0.073419	0.000000
0.076459	-0.074057	0.000000
0.078141	-0.074690	0.000000
0.079839	-0.075317	0.000000
0.081554	-0.075939	0.000000
0.083285	-0.076555	0.000000
0.085033	-0.077164	0.000000
0.086797	-0.077769	0.000000
0.088578	-0.078367	0.000000
0.090375	-0.078959	0.000000
0.092188	-0.079545	0.000000
0.094017	-0.080126	0.000000
0.095863	-0.080700	0.000000
0.097724	-0.081268	0.000000
0.099602	-0.081830	0.000000
0.101495	-0.082386	0.000000
0.103404	-0.082936	0.000000
0.105329	-0.083480	0.000000
0.107270	-0.084017	0.000000
0.109226	-0.084548	0.000000
0.111197	-0.085073	0.000000
0.113184	-0.085591	0.000000
0.115186	-0.086103	0.000000
0.117204	-0.086609	0.000000
0.119237	-0.087108	0.000000
0.121284	-0.087601	0.000000
0.123347	-0.088087	0.000000
0.125425	-0.088567	0.000000
0.127517	-0.089040	0.000000
0.129625	-0.089506	0.000000
0.131747	-0.089966	0.000000
0.133883	-0.090419	0.000000
0.136035	-0.090866	0.000000
0.138200	-0.091306	0.000000
0.140380	-0.091739	0.000000
0.142574	-0.092166	0.000000
0.144783	-0.092585	0.000000
0.147005	-0.092998	0.000000
0.149241	-0.093404	0.000000
0.151492	-0.093804	0.000000
0.153756	-0.094196	0.000000
0.156034	-0.094582	0.000000
0.158325	-0.094961	0.000000
0.160630	-0.095332	0.000000
0.162949	-0.095697	0.000000
0.165280	-0.096055	0.000000
0.167626	-0.096406	0.000000
0.169984	-0.096750	0.000000
0.172355	-0.097088	0.000000
0.174739	-0.097418	0.000000
0.177137	-0.097741	0.000000
0.179547	-0.098057	0.000000
0.181969	-0.098366	0.000000
0.184405	-0.098668	0.000000
0.186853	-0.098963	0.000000
0.189313	-0.099252	0.000000
0.191785	-0.099533	0.000000
0.194270	-0.099807	0.000000
0.196767	-0.100073	0.000000
0.199276	-0.100333	0.000000
0.201797	-0.100586	0.000000
0.204330	-0.100832	0.000000
0.206874	-0.101071	0.000000
0.209430	-0.101302	0.000000
0.211997	-0.101527	0.000000
0.214576	-0.101744	0.000000
0.217167	-0.101955	0.000000
0.219768	-0.102158	0.000000
0.222381	-0.102354	0.000000
0.225004	-0.102544	0.000000
0.227639	-0.102726	0.000000
0.230284	-0.102901	0.000000
0.232940	-0.103069	0.000000
0.235607	-0.103230	0.000000
0.238284	-0.103385	0.000000
0.240971	-0.103532	0.000000
0.243669	-0.103672	0.000000
0.246376	-0.103805	0.000000
0.249094	-0.103931	0.000000
0.251822	-0.104050	0.000000
0.254560	-0.104163	0.000000
0.257307	-0.104268	0.000000
0.260064	-0.104367	0.000000
0.262831	-0.104458	0.000000
0.265607	-0.104543	0.000000
0.268392	-0.104621	0.000000
0.271186	-0.104692	0.000000
0.273990	-0.104756	0.000000
0.276802	-0.104813	0.000000
0.279623	-0.104864	0.000000
0.282453	-0.104908	0.000000
0.285292	-0.104945	0.000000
0.288139	-0.104975	0.000000
0.290995	-0.104999	0.000000
0.293858	-0.105016	0.000000
0.296730	-0.105026	0.000000
0.299611	-0.105030	0.000000
0.302499	-0.105027	0.000000
0.305394	-0.105018	0.000000
0.308298	-0.105002	0.000000
0.311209	-0.104980	0.000000
0.314128	-0.104951	0.000000
0.317054	-0.104916	0.000000
0.319987	-0.104874	0.000000
0.322927	-0.104826	0.000000
0.325875	-0.104772	0.000000
0.328829	-0.104711	0.000000
0.331790	-0.104644	0.000000
0.334758	-0.104571	0.000000
0.337732	-0.104491	0.000000
0.340713	-0.104406	0.000000
0.343700	-0.104314	0.000000
0.346693	-0.104216	0.000000
0.349692	-0.104112	0.000000
0.352698	-0.104002	0.000000
0.355709	-0.103886	0.000000
0.358725	-0.103764	0.000000
0.361748	-0.103636	0.000000
0.364776	-0.103503	0.000000
0.367809	-0.103363	0.000000
0.370848	-0.103218	0.000000
0.373891	-0.103067	0.000000
0.376940	-0.102910	0.000000
0.379993	-0.102747	0.000000
0.383052	-0.102579	0.000000
0.386114	-0.102406	0.000000
0.389182	-0.102226	0.000000
0.392254	-0.102042	0.000000
0.395330	-0.101851	0.000000
0.398410	-0.101656	0.000000
0.401494	-0.101455	0.000000
0.404582	-0.101249	0.000000
0.407674	-0.101037	0.000000
0.410770	-0.100820	0.000000
0.413869	-0.100598	0.000000
0.416972	-0.100371	0.000000
0.420077	-0.100139	0.000000
0.423186	-0.099902	0.000000
0.426298	-0.099660	0.000000
0.429413	-0.099412	0.000000
0.432531	-0.099160	0.000000
0.435652	-0.098903	0.000000
0.438775	-0.098641	0.000000
0.441900	-0.098375	0.000000
0.445028	-0.098104	0.000000
0.448158	-0.097828	0.000000
0.451290	-0.097547	0.000000
0.454423	-0.097262	0.000000
0.457559	-0.096973	0.000000
0.460697	-0.096678	0.000000
0.463835	-0.096380	0.000000
0.466976	-0.096077	0.000000
0.470118	-0.095770	0.000000
0.473260	-0.095458	0.000000
0.476404	-0.095143	0.000000
0.479549	-0.094823	0.000000
0.482695	-0.094499	0.000000
0.485841	-0.094171	0.000000
0.488988	-0.093839	0.000000
0.492135	-0.093503	0.000000
0.495283	-0.093163	0.000000
0.498431	-0.092819	0.000000
0.501579	-0.092471	0.000000
0.504727	-0.092120	0.000000
0.507874	-0.091765	0.000000
0.511022	-0.091406	0.000000
0.514169	-0.091043	0.000000
0.517315	-0.090677	0.000000
0.520461	-0.090308	0.000000
0.523606	-0.089935	0.000000
0.526750	-0.089558	0.000000
0.529892	-0.089179	0.000000
0.533034	-0.088795	0.000000
0.536174	-0.088409	0.000000
0.539313	-0.088020	0.000000
0.542451	-0.087627	0.000000
0.545586	-0.087231	0.000000
0.548720	-0.086832	0.000000
0.551852	-0.086430	0.000000
0.554982	-0.086025	0.000000
0.558110	-0.085617	0.000000
0.561235	-0.085207	0.000000
0.564358	-0.084793	0.000000
0.567479	-0.084377	0.000000
0.570597	-0.083958	0.000000
0.573711	-0.083536	0.000000
0.576824	-0.083112	0.000000
0.579933	-0.082685	0.000000
0.583038	-0.082256	0.000000
0.586141	-0.081824	0.000000
0.589240	-0.081390	0.000000
0.592336	-0.080953	0.000000
0.595428	-0.080514	0.000000
0.598516	-0.080073	0.000000
0.601600	-0.079629	0.000000
0.604680	-0.079184	0.000000
0.607756	-0.078736	0.000000
0.610828	-0.078286	0.000000
0.613895	-0.077834	0.000000
0.616958	-0.077380	0.000000
0.620017	-0.076925	0.000000
0.623070	-0.076467	0.000000
0.626119	-0.076007	0.000000
0.629162	-0.075546	0.000000
0.632201	-0.075083	0.000000
0.635234	-0.074618	0.000000
0.638262	-0.074151	0.000000
0.641284	-0.073683	0.000000
0.644301	-0.073214	0.000000
0.647312	-0.072742	0.000000
0.650318	-0.072270	0.000000
0.653317	-0.071796	0.000000
0.656310	-0.071320	0.000000
0.659297	-0.070843	0.000000
0.662278	-0.070365	0.000000
0.665252	-0.069886	0.000000
0.668220	-0.069405	0.000000
0.671181	-0.068923	0.000000
0.674135	-0.068440	0.000000
0.677083	-0.067956	0.000000
0.680023	-0.067471	0.000000
0.682956	-0.066985	0.000000
0.685882	-0.066499	0.000000
0.688801	-0.066011	0.000000
0.691712	-0.065522	0.000000
0.694616	-0.065033	0.000000
0.697511	-0.064542	0.000000
0.700399	-0.064052	0.000000
0.703279	-0.063560	0.000000
0.706151	-0.063068	0.000000
0.709015	-0.062575	0.000000
0.711871	-0.062081	0.000000
0.714718	-0.061588	0.000000
0.717557	-0.061093	0.000000
0.720387	-0.060598	0.000000
0.723208	-0.060103	0.000000
0.726020	-0.059608	0.000000
0.728824	-0.059112	0.000000
0.731618	-0.058616	0.000000
0.734403	-0.058120	0.000000
0.737179	-0.057623	0.000000
0.739946	-0.057127	0.000000
0.742703	-0.056630	0.000000
0.745450	-0.056133	0.000000
0.748188	-0.055636	0.000000
0.750916	-0.055140	0.000000
0.753633	-0.054643	0.000000
0.756341	-0.054147	0.000000
0.759039	-0.053650	0.000000
0.761726	-0.053154	0.000000
0.764403	-0.052658	0.000000
0.767070	-0.052163	0.000000
0.769726	-0.051668	0.000000
0.772371	-0.051173	0.000000
0.775006	-0.050678	0.000000
0.777629	-0.050184	0.000000
0.780242	-0.049690	0.000000
0.782843	-0.049197	0.000000
0.785433	-0.048705	0.000000
0.788012	-0.048213	0.000000
0.790580	-0.047722	0.000000
0.793136	-0.047231	0.000000
0.795680	-0.046741	0.000000
0.798213	-0.046252	0.000000
0.800734	-0.045764	0.000000
0.803243	-0.045276	0.000000
0.805740	-0.044790	0.000000
0.808224	-0.044304	0.000000
0.810697	-0.043819	0.000000
0.813157	-0.043336	0.000000
0.815605	-0.042853	0.000000
0.818040	-0.042371	0.000000
0.820463	-0.041891	0.000000
0.822873	-0.041412	0.000000
0.825270	-0.040933	0.000000
0.827655	-0.040456	0.000000
0.830026	-0.039981	0.000000
0.832384	-0.039506	0.000000
0.834730	-0.039033	0.000000
0.837061	-0.038562	0.000000
0.839380	-0.038092	0.000000
0.841685	-0.037623	0.000000
0.843976	-0.037156	0.000000
0.846254	-0.036690	0.000000
0.848518	-0.036226	0.000000
0.850769	-0.035763	0.000000
0.853005	-0.035303	0.000000
0.855227	-0.034844	0.000000
0.857436	-0.034386	0.000000
0.859630	-0.033931	0.000000
0.861810	-0.033477	0.000000
0.863975	-0.033025	0.000000
0.866126	-0.032575	0.000000
0.868263	-0.032126	0.000000
0.870385	-0.031680	0.000000
0.872492	-0.031236	0.000000
0.874585	-0.030794	0.000000
0.876663	-0.030354	0.000000
0.878726	-0.029916	0.000000
0.880773	-0.029480	0.000000
0.882806	-0.029046	0.000000
0.884824	-0.028615	0.000000
0.886826	-0.028186	0.000000
0.888813	-0.027759	0.000000
0.890784	-0.027334	0.000000
0.892740	-0.026912	0.000000
0.894681	-0.026492	0.000000
0.896606	-0.026075	0.000000
0.898515	-0.025660	0.000000
0.900408	-0.025248	0.000000
0.902286	-0.024838	0.000000
0.904147	-0.024431	0.000000
0.905993	-0.024027	0.000000
0.907822	-0.023625	0.000000
0.909635	-0.023226	0.000000
0.911432	-0.022829	0.000000
0.913213	-0.022436	0.000000
0.914977	-0.022045	0.000000
0.916725	-0.021657	0.000000
0.918456	-0.021272	0.000000
0.920171	-0.020890	0.000000
0.921869	-0.020510	0.000000
0.923551	-0.020134	0.000000
0.925215	-0.019761	0.000000
0.926863	-0.019391	0.000000
0.928494	-0.019024	0.000000
0.930108	-0.018660	0.000000
0.931704	-0.018299	0.000000
0.933284	-0.017942	0.000000
0.934847	-0.017587	0.000000
0.936392	-0.017236	0.000000
0.937920	-0.016889	0.000000
0.939430	-0.016544	0.000000
0.940924	-0.016203	0.000000
0.942399	-0.015865	0.000000
0.943857	-0.015531	0.000000
0.945298	-0.015200	0.000000
0.946721	-0.014873	0.000000
0.948126	-0.014549	0.000000
0.949514	-0.014229	0.000000
0.950883	-0.013913	0.000000
0.952235	-0.013600	0.000000
0.953569	-0.013290	0.000000
0.954885	-0.012985	0.000000
0.956183	-0.012683	0.000000
0.957462	-0.012385	0.000000
0.958724	-0.012090	0.000000
0.959968	-0.011800	0.000000
0.961193	-0.011513	0.000000
0.962400	-0.011230	0.000000
0.963588	-0.010951	0.000000
0.964759	-0.010676	0.000000
0.965910	-0.010405	0.000000
0.967044	-0.010138	0.000000
0.968159	-0.009875	0.000000
0.969255	-0.009616	0.000000
0.970333	-0.009361	0.000000
0.971392	-0.009110	0.000000
0.972432	-0.008863	0.000000
0.973454	-0.008620	0.000000
0.974456	-0.008382	0.000000
0.975441	-0.008148	0.000000
0.976406	-0.007917	0.000000
0.977352	-0.007692	0.000000
0.978280	-0.007470	0.000000
0.979188	-0.007253	0.000000
0.980077	-0.007040	0.000000
0.980948	-0.006831	0.000000
0.981799	-0.006627	0.000000
0.982632	-0.006427	0.000000
0.983445	-0.006231	0.000000
0.984239	-0.006040	0.000000
0.985013	-0.005853	0.000000
0.985769	-0.005671	0.000000
0.986505	-0.005493	0.000000
0.987222	-0.005320	0.000000
0.987920	-0.005152	0.000000
0.988598	-0.004987	0.000000
0.989257	-0.004828	0.000000
0.989897	-0.004673	0.000000
0.990517	-0.004522	0.000000
0.991118	-0.004376	0.000000
0.991699	-0.004235	0.000000
0.992261	-0.004099	0.000000
0.992803	-0.003967	0.000000
0.993326	-0.003839	0.000000
0.993829	-0.003717	0.000000
0.994313	-0.003599	0.000000
0.994777	-0.003486	0.000000
0.995221	-0.003377	0.000000
0.995646	-0.003274	0.000000
0.996051	-0.003175	0.000000
0.996437	-0.003080	0.000000
0.996803	-0.002991	0.000000
0.997149	-0.002906	0.000000
0.997475	-0.002826	0.000000
0.997782	-0.002751	0.000000
0.998069	-0.002681	0.000000
0.998336	-0.002616	0.000000
0.998584	-0.002555	0.000000
0.998811	-0.002499	0.000000
0.999019	-0.002448	0.000000
0.999207	-0.002402	0.000000
0.999376	-0.002361	0.000000
0.999524	-0.002324	0.000000
0.999653	-0.002293	0.000000
0.999762	-0.002266	0.000000
0.999851	-0.002244	0.000000
0.999921	-0.002227	0.000000
0.999970	-0.002215	0.000000
1.000000	-0.002207	0.000000
1.000000	-0.002205	0.000000
