513
1.000000e+00 1.729000e-03 0
9.983531e-01 1.858430e-03 0
9.966786e-01 1.989441e-03 0
9.949764e-01 2.122276e-03 0
9.932459e-01 2.257198e-03 0
9.914870e-01 2.394497e-03 0
9.896993e-01 2.534489e-03 0
9.878823e-01 2.677517e-03 0
9.860359e-01 2.823956e-03 0
9.841596e-01 2.973848e-03 0
9.822529e-01 3.126225e-03 0
9.803154e-01 3.279839e-03 0
9.783465e-01 3.433318e-03 0
9.763457e-01 3.585158e-03 0
9.743125e-01 3.734702e-03 0
9.722470e-01 3.887014e-03 0
9.701498e-01 4.049760e-03 0
9.680212e-01 4.231336e-03 0
9.658620e-01 4.440907e-03 0
9.636724e-01 4.685005e-03 0
9.614515e-01 4.957990e-03 0
9.591979e-01 5.250668e-03 0
9.569102e-01 5.552912e-03 0
9.545870e-01 5.853930e-03 0
9.522274e-01 6.149326e-03 0
9.498313e-01 6.441743e-03 0
9.473987e-01 6.734414e-03 0
9.449297e-01 7.030864e-03 0
9.424241e-01 7.333334e-03 0
9.398816e-01 7.641246e-03 0
9.373017e-01 7.953631e-03 0
9.346839e-01 8.269433e-03 0
9.320278e-01 8.588026e-03 0
9.293333e-01 8.909676e-03 0
9.265999e-01 9.234773e-03 0
9.238275e-01 9.563729e-03 0
9.210157e-01 9.896723e-03 0
9.181642e-01 1.023369e-02 0
9.152728e-01 1.057454e-02 0
9.123412e-01 1.091921e-02 0
9.093690e-01 1.126773e-02 0
9.063561e-01 1.162020e-02 0
9.033021e-01 1.197669e-02 0
9.002069e-01 1.233729e-02 0
8.970702e-01 1.270211e-02 0
8.938918e-01 1.307125e-02 0
8.906715e-01 1.344476e-02 0
8.874091e-01 1.382262e-02 0
8.841043e-01 1.420480e-02 0
8.807570e-01 1.459125e-02 0
8.773670e-01 1.498191e-02 0
8.739342e-01 1.537675e-02 0
8.704583e-01 1.577570e-02 0
8.669393e-01 1.617871e-02 0
8.633769e-01 1.658575e-02 0
8.597712e-01 1.699675e-02 0
8.561219e-01 1.741167e-02 0
8.524291e-01 1.783044e-02 0
8.486926e-01 1.825300e-02 0
8.449123e-01 1.867930e-02 0
8.410883e-01 1.910928e-02 0
8.372205e-01 1.954287e-02 0
8.333089e-01 1.998001e-02 0
8.293535e-01 2.042060e-02 0
8.253544e-01 2.086458e-02 0
8.213115e-01 2.131183e-02 0
8.172249e-01 2.176226e-02 0
8.130948e-01 2.221575e-02 0
8.089212e-01 2.267220e-02 0
8.047041e-01 2.313152e-02 0
8.004439e-01 2.359360e-02 0
7.961405e-01 2.405835e-02 0
7.917943e-01 2.452567e-02 0
7.874053e-01 2.499542e-02 0
7.829738e-01 2.546742e-02 0
7.785000e-01 2.594148e-02 0
7.739841e-01 2.641740e-02 0
7.694265e-01 2.689498e-02 0
7.648274e-01 2.737402e-02 0
7.601872e-01 2.785436e-02 0
7.555061e-01 2.833582e-02 0
7.507846e-01 2.881821e-02 0
7.460229e-01 2.930133e-02 0
7.412216e-01 2.978499e-02 0
7.363810e-01 3.026898e-02 0
7.315016e-01 3.075309e-02 0
7.265838e-01 3.123709e-02 0
7.216282e-01 3.172076e-02 0
7.166353e-01 3.220389e-02 0
7.116055e-01 3.268622e-02 0
7.065394e-01 3.316754e-02 0
7.014377e-01 3.364754e-02 0
6.963009e-01 3.412597e-02 0
6.911297e-01 3.460252e-02 0
6.859246e-01 3.507693e-02 0
6.806863e-01 3.554909e-02 0
6.754157e-01 3.601887e-02 0
6.701133e-01 3.648619e-02 0
6.647799e-01 3.695093e-02 0
6.594163e-01 3.741292e-02 0
6.540233e-01 3.787197e-02 0
6.486016e-01 3.832791e-02 0
6.431521e-01 3.878054e-02 0
6.376756e-01 3.922963e-02 0
6.321730e-01 3.967495e-02 0
6.266451e-01 4.011628e-02 0
6.210928e-01 4.055348e-02 0
6.155170e-01 4.098647e-02 0
6.099187e-01 4.141520e-02 0
6.042989e-01 4.183956e-02 0
5.986584e-01 4.225935e-02 0
5.929982e-01 4.267434e-02 0
5.873194e-01 4.308431e-02 0
5.816229e-01 4.348908e-02 0
5.759097e-01 4.388851e-02 0
5.701809e-01 4.428247e-02 0
5.644375e-01 4.467085e-02 0
5.586805e-01 4.505362e-02 0
5.529111e-01 4.543075e-02 0
5.471303e-01 4.580223e-02 0
5.413392e-01 4.616798e-02 0
5.355389e-01 4.652778e-02 0
5.297304e-01 4.688142e-02 0
5.239149e-01 4.722870e-02 0
5.180934e-01 4.756956e-02 0
5.122671e-01 4.790401e-02 0
5.064370e-01 4.823204e-02 0
5.006044e-01 4.855362e-02 0
4.947703e-01 4.886862e-02 0
4.889359e-01 4.917693e-02 0
4.831022e-01 4.947844e-02 0
4.772704e-01 4.977307e-02 0
4.714416e-01 5.006075e-02 0
4.656169e-01 5.034141e-02 0
4.597974e-01 5.061500e-02 0
4.539843e-01 5.088152e-02 0
4.481786e-01 5.114093e-02 0
4.423814e-01 5.139323e-02 0
4.365939e-01 5.163837e-02 0
4.308171e-01 5.187632e-02 0
4.250520e-01 5.210703e-02 0
4.192999e-01 5.233050e-02 0
4.135616e-01 5.254670e-02 0
4.078383e-01 5.275564e-02 0
4.021310e-01 5.295731e-02 0
3.964407e-01 5.315170e-02 0
3.907684e-01 5.333876e-02 0
3.851152e-01 5.351846e-02 0
3.794819e-01 5.369077e-02 0
3.738697e-01 5.385562e-02 0
3.682793e-01 5.401294e-02 0
3.627119e-01 5.416266e-02 0
3.571682e-01 5.430475e-02 0
3.516492e-01 5.443917e-02 0
3.461558e-01 5.456590e-02 0
3.406888e-01 5.468490e-02 0
3.352491e-01 5.479621e-02 0
3.298376e-01 5.489983e-02 0
3.244550e-01 5.499579e-02 0
3.191021e-01 5.508411e-02 0
3.137798e-01 5.516469e-02 0
3.084887e-01 5.523749e-02 0
3.032297e-01 5.530242e-02 0
2.980033e-01 5.535955e-02 0
2.928104e-01 5.540904e-02 0
2.876515e-01 5.545109e-02 0
2.825274e-01 5.548588e-02 0
2.774386e-01 5.551325e-02 0
2.723858e-01 5.553261e-02 0
2.673695e-01 5.554340e-02 0
2.623903e-01 5.554513e-02 0
2.574488e-01 5.553745e-02 0
2.525455e-01 5.552001e-02 0
2.476808e-01 5.549238e-02 0
2.428553e-01 5.545390e-02 0
2.380695e-01 5.540397e-02 0
2.333238e-01 5.534219e-02 0
2.286186e-01 5.526857e-02 0
2.239543e-01 5.518319e-02 0
2.193313e-01 5.508603e-02 0
2.147500e-01 5.497650e-02 0
2.102108e-01 5.485389e-02 0
2.057141e-01 5.471760e-02 0
2.012600e-01 5.456765e-02 0
1.968489e-01 5.440448e-02 0
1.924811e-01 5.422856e-02 0
1.881568e-01 5.404035e-02 0
1.838762e-01 5.384028e-02 0
1.796395e-01 5.362881e-02 0
1.754469e-01 5.340635e-02 0
1.712984e-01 5.317330e-02 0
1.671943e-01 5.293002e-02 0
1.631346e-01 5.267687e-02 0
1.591195e-01 5.241422e-02 0
1.551489e-01 5.214254e-02 0
1.512229e-01 5.186233e-02 0
1.473416e-01 5.157408e-02 0
1.435048e-01 5.127810e-02 0
1.397128e-01 5.097407e-02 0
1.359654e-01 5.066158e-02 0
1.322628e-01 5.034025e-02 0
1.286049e-01 5.000967e-02 0
1.249918e-01 4.966909e-02 0
1.214235e-01 4.931774e-02 0
1.179000e-01 4.895493e-02 0
1.144214e-01 4.858005e-02 0
1.109876e-01 4.819273e-02 0
1.075986e-01 4.779274e-02 0
1.042544e-01 4.737990e-02 0
1.009549e-01 4.695406e-02 0
9.770011e-02 4.651505e-02 0
9.448991e-02 4.606249e-02 0
9.132428e-02 4.559606e-02 0
8.820317e-02 4.511536e-02 0
8.512665e-02 4.461955e-02 0
8.209478e-02 4.410782e-02 0
7.910758e-02 4.357950e-02 0
7.616502e-02 4.303442e-02 0
7.326703e-02 4.247267e-02 0
7.041350e-02 4.189438e-02 0
6.760443e-02 4.129930e-02 0
6.483998e-02 4.068651e-02 0
6.212026e-02 4.005512e-02 0
5.944540e-02 3.940434e-02 0
5.681580e-02 3.873276e-02 0
5.423211e-02 3.803857e-02 0
5.169488e-02 3.732017e-02 0
4.920457e-02 3.657619e-02 0
4.676179e-02 3.580558e-02 0
4.436720e-02 3.500757e-02 0
4.202135e-02 3.418154e-02 0
3.972486e-02 3.332678e-02 0
3.747863e-02 3.244231e-02 0
3.528343e-02 3.152732e-02 0
3.314026e-02 3.058120e-02 0
3.105019e-02 2.960354e-02 0
2.901406e-02 2.859422e-02 0
2.703213e-02 2.755445e-02 0
2.510428e-02 2.648611e-02 0
2.323041e-02 2.539096e-02 0
2.141125e-02 2.426958e-02 0
1.964805e-02 2.312180e-02 0
1.794185e-02 2.194761e-02 0
1.629297e-02 2.074803e-02 0
1.470050e-02 1.952613e-02 0
1.316337e-02 1.828507e-02 0
1.168052e-02 1.702776e-02 0
1.025207e-02 1.575534e-02 0
8.879786e-03 1.446661e-02 0
7.567174e-03 1.315925e-02 0
6.321418e-03 1.182870e-02 0
5.146524e-03 1.047357e-02 0
4.040245e-03 9.098538e-03 0
3.003892e-03 7.705692e-03 0
2.053644e-03 6.286355e-03 0
1.217680e-03 4.827903e-03 0
5.636761e-04 3.309550e-03 0
1.421807e-04 1.709405e-03 0
-5.223261e-07 3.624457e-05 0
2.174910e-04 -1.655537e-03 0
8.433835e-04 -3.277990e-03 0
1.788556e-03 -4.768079e-03 0
2.888833e-03 -6.186018e-03 0
4.072730e-03 -7.571452e-03 0
5.329566e-03 -8.932986e-03 0
6.669958e-03 -1.025502e-02 0
8.105621e-03 -1.151958e-02 0
9.630059e-03 -1.272631e-02 0
1.123401e-02 -1.387898e-02 0
1.291123e-02 -1.498127e-02 0
1.465701e-02 -1.603542e-02 0
1.646842e-02 -1.704153e-02 0
1.834224e-02 -1.799977e-02 0
2.027488e-02 -1.891156e-02 0
2.226254e-02 -1.978284e-02 0
2.430097e-02 -2.062125e-02 0
2.638607e-02 -2.143432e-02 0
2.851617e-02 -2.222574e-02 0
3.069024e-02 -2.299827e-02 0
3.290754e-02 -2.375382e-02 0
3.516851e-02 -2.449084e-02 0
3.747386e-02 -2.520698e-02 0
3.982433e-02 -2.589942e-02 0
4.222067e-02 -2.656467e-02 0
4.466355e-02 -2.719933e-02 0
4.715293e-02 -2.780239e-02 0
4.968840e-02 -2.837403e-02 0
5.226943e-02 -2.891462e-02 0
5.489555e-02 -2.942518e-02 0
5.756633e-02 -2.990746e-02 0
6.028126e-02 -3.036345e-02 0
6.303977e-02 -3.079532e-02 0
6.584161e-02 -3.120460e-02 0
6.868669e-02 -3.159256e-02 0
7.157487e-02 -3.196064e-02 0
7.450602e-02 -3.231025e-02 0
7.748014e-02 -3.264240e-02 0
8.049723e-02 -3.295814e-02 0
8.355726e-02 -3.325869e-02 0
8.666020e-02 -3.354573e-02 0
8.980604e-02 -3.382126e-02 0
9.299475e-02 -3.408751e-02 0
9.622635e-02 -3.434606e-02 0
9.950096e-02 -3.459777e-02 0
1.028187e-01 -3.484352e-02 0
1.061797e-01 -3.508381e-02 0
1.095840e-01 -3.531845e-02 0
1.130320e-01 -3.554718e-02 0
1.165236e-01 -3.576975e-02 0
1.200591e-01 -3.598592e-02 0
1.236385e-01 -3.619557e-02 0
1.272620e-01 -3.639862e-02 0
1.309295e-01 -3.659503e-02 0
1.346412e-01 -3.678474e-02 0
1.383971e-01 -3.696768e-02 0
1.421973e-01 -3.714377e-02 0
1.460417e-01 -3.731295e-02 0
1.499304e-01 -3.747516e-02 0
1.538633e-01 -3.763039e-02 0
1.578404e-01 -3.777869e-02 0
1.618617e-01 -3.792011e-02 0
1.659270e-01 -3.805471e-02 0
1.700364e-01 -3.818252e-02 0
1.741896e-01 -3.830357e-02 0
1.783866e-01 -3.841790e-02 0
1.826272e-01 -3.852557e-02 0
1.869113e-01 -3.862674e-02 0
1.912387e-01 -3.872158e-02 0
1.956091e-01 -3.881029e-02 0
2.000224e-01 -3.889295e-02 0
2.044784e-01 -3.896955e-02 0
2.089767e-01 -3.904008e-02 0
2.135171e-01 -3.910450e-02 0
2.180993e-01 -3.916280e-02 0
2.227230e-01 -3.921492e-02 0
2.273879e-01 -3.926087e-02 0
2.320935e-01 -3.930077e-02 0
2.368395e-01 -3.933481e-02 0
2.416256e-01 -3.936320e-02 0
2.464512e-01 -3.938595e-02 0
2.513159e-01 -3.940286e-02 0
2.562193e-01 -3.941374e-02 0
2.611608e-01 -3.941860e-02 0
2.661400e-01 -3.941766e-02 0
2.711563e-01 -3.941120e-02 0
2.762092e-01 -3.939941e-02 0
2.812980e-01 -3.938230e-02 0
2.864222e-01 -3.935988e-02 0
2.915812e-01 -3.933215e-02 0
2.967743e-01 -3.929908e-02 0
3.020009e-01 -3.926064e-02 0
3.072602e-01 -3.921681e-02 0
3.125515e-01 -3.916756e-02 0
3.178742e-01 -3.911283e-02 0
3.232275e-01 -3.905257e-02 0
3.286106e-01 -3.898673e-02 0
3.340227e-01 -3.891532e-02 0
3.394630e-01 -3.883841e-02 0
3.449306e-01 -3.875605e-02 0
3.504248e-01 -3.866831e-02 0
3.559447e-01 -3.857518e-02 0
3.614894e-01 -3.847662e-02 0
3.670579e-01 -3.837261e-02 0
3.726494e-01 -3.826317e-02 0
3.782629e-01 -3.814836e-02 0
3.838976e-01 -3.802829e-02 0
3.895523e-01 -3.790306e-02 0
3.952262e-01 -3.777267e-02 0
4.009182e-01 -3.763704e-02 0
4.066274e-01 -3.749610e-02 0
4.123526e-01 -3.734979e-02 0
4.180930e-01 -3.719815e-02 0
4.238474e-01 -3.704128e-02 0
4.296148e-01 -3.687924e-02 0
4.353942e-01 -3.671208e-02 0
4.411844e-01 -3.653979e-02 0
4.469843e-01 -3.636235e-02 0
4.527930e-01 -3.617974e-02 0
4.586092e-01 -3.599197e-02 0
4.644319e-01 -3.579904e-02 0
4.702601e-01 -3.560096e-02 0
4.760925e-01 -3.539779e-02 0
4.819280e-01 -3.518963e-02 0
4.877656e-01 -3.497661e-02 0
4.936042e-01 -3.475882e-02 0
4.994426e-01 -3.453629e-02 0
5.052796e-01 -3.430901e-02 0
5.111143e-01 -3.407697e-02 0
5.169454e-01 -3.384020e-02 0
5.227719e-01 -3.359874e-02 0
5.285926e-01 -3.335261e-02 0
5.344065e-01 -3.310187e-02 0
5.402124e-01 -3.284655e-02 0
5.460093e-01 -3.258670e-02 0
5.517960e-01 -3.232235e-02 0
5.575715e-01 -3.205358e-02 0
5.633347e-01 -3.178046e-02 0
5.690846e-01 -3.150311e-02 0
5.748200e-01 -3.122161e-02 0
5.805401e-01 -3.093604e-02 0
5.862436e-01 -3.064645e-02 0
5.919297e-01 -3.035293e-02 0
5.975973e-01 -3.005553e-02 0
6.032454e-01 -2.975430e-02 0
6.088730e-01 -2.944929e-02 0
6.144792e-01 -2.914056e-02 0
6.200631e-01 -2.882831e-02 0
6.256236e-01 -2.851275e-02 0
6.311600e-01 -2.819412e-02 0
6.366713e-01 -2.787263e-02 0
6.421566e-01 -2.754845e-02 0
6.476151e-01 -2.722171e-02 0
6.530460e-01 -2.689257e-02 0
6.584484e-01 -2.656115e-02 0
6.638215e-01 -2.622755e-02 0
6.691646e-01 -2.589186e-02 0
6.744769e-01 -2.555418e-02 0
6.797575e-01 -2.521463e-02 0
6.850060e-01 -2.487337e-02 0
6.902214e-01 -2.453052e-02 0
6.954032e-01 -2.418624e-02 0
7.005506e-01 -2.384074e-02 0
7.056632e-01 -2.349426e-02 0
7.107402e-01 -2.314702e-02 0
7.157811e-01 -2.279924e-02 0
7.207853e-01 -2.245109e-02 0
7.257523e-01 -2.210272e-02 0
7.306815e-01 -2.175427e-02 0
7.355725e-01 -2.140589e-02 0
7.404248e-01 -2.105774e-02 0
7.452379e-01 -2.070996e-02 0
7.500114e-01 -2.036271e-02 0
7.547449e-01 -2.001614e-02 0
7.594380e-01 -1.967041e-02 0
7.640903e-01 -1.932568e-02 0
7.687015e-01 -1.898211e-02 0
7.732713e-01 -1.863987e-02 0
7.777994e-01 -1.829909e-02 0
7.822854e-01 -1.795989e-02 0
7.867292e-01 -1.762236e-02 0
7.911305e-01 -1.728662e-02 0
7.954891e-01 -1.695276e-02 0
7.998047e-01 -1.662088e-02 0
8.040773e-01 -1.629110e-02 0
8.083066e-01 -1.596354e-02 0
8.124925e-01 -1.563828e-02 0
8.166350e-01 -1.531543e-02 0
8.207338e-01 -1.499505e-02 0
8.247889e-01 -1.467717e-02 0
8.288003e-01 -1.436185e-02 0
8.327678e-01 -1.404910e-02 0
8.366916e-01 -1.373899e-02 0
8.405714e-01 -1.343156e-02 0
8.444075e-01 -1.312690e-02 0
8.481997e-01 -1.282509e-02 0
8.519482e-01 -1.252619e-02 0
8.556529e-01 -1.223026e-02 0
8.593140e-01 -1.193734e-02 0
8.629315e-01 -1.164743e-02 0
8.665056e-01 -1.136056e-02 0
8.700362e-01 -1.107671e-02 0
8.735237e-01 -1.079589e-02 0
8.769680e-01 -1.051811e-02 0
8.803693e-01 -1.024342e-02 0
8.837279e-01 -9.971860e-03 0
8.870439e-01 -9.703491e-03 0
8.903174e-01 -9.438359e-03 0
8.935488e-01 -9.176505e-03 0
8.967381e-01 -8.917960e-03 0
8.998856e-01 -8.662675e-03 0
9.029915e-01 -8.410547e-03 0
9.060561e-01 -8.161478e-03 0
9.090796e-01 -7.915378e-03 0
9.120623e-01 -7.672161e-03 0
9.150043e-01 -7.431745e-03 0
9.179061e-01 -7.194076e-03 0
9.207677e-01 -6.959185e-03 0
9.235897e-01 -6.727121e-03 0
9.263721e-01 -6.497923e-03 0
9.291154e-01 -6.271407e-03 0
9.318199e-01 -6.047125e-03 0
9.344857e-01 -5.824645e-03 0
9.371132e-01 -5.603649e-03 0
9.397028e-01 -5.384788e-03 0
9.422548e-01 -5.169296e-03 0
9.447698e-01 -4.958315e-03 0
9.472480e-01 -4.752622e-03 0
9.496897e-01 -4.549963e-03 0
9.520950e-01 -4.346400e-03 0
9.544639e-01 -4.138312e-03 0
9.567967e-01 -3.922638e-03 0
9.590939e-01 -3.703600e-03 0
9.613567e-01 -3.493021e-03 0
9.635862e-01 -3.302109e-03 0
9.657834e-01 -3.141041e-03 0
9.679491e-01 -3.016316e-03 0
9.700832e-01 -2.920682e-03 0
9.721854e-01 -2.843504e-03 0
9.742554e-01 -2.775048e-03 0
9.762930e-01 -2.706431e-03 0
9.782982e-01 -2.631759e-03 0
9.802715e-01 -2.552178e-03 0
9.822134e-01 -2.469943e-03 0
9.841243e-01 -2.387115e-03 0
9.860048e-01 -2.305571e-03 0
9.878554e-01 -2.226794e-03 0
9.896764e-01 -2.150804e-03 0
9.914681e-01 -2.077118e-03 0
9.932309e-01 -2.005292e-03 0
9.949652e-01 -1.934921e-03 0
9.966712e-01 -1.865635e-03 0
9.983494e-01 -1.797096e-03 0
1.000000e+00 -1.729000e-03 0
